400
500
310
320
130
470
4
1

31
361
181
412

22
342
152

92
213

53
283

93
293
434
374
394
335
445
175

95
295
406
436
346

76
276
157
467

77
277
397
258
368
278
9
9
119
129
339
149
249
189
399

1006
10
2100
206
20
2203
409
40
260
460
290
49082
126
169
1
3014
116
119
11
121
3416
51
461
171
471
4817
91
19112
233
224
264
294
215
255
286
297
208
268
229
259
2
3023
128
223
321
42
142
242
4627
82
482
19221
321
371
322
372
393
354
394
395
3
7
367
308
318
348
388
3
4130
231
436
43
243
253
353
49350
423
456
447
447
4
3046
142
240
341
347
344
446
448
449
44
36461
525
5
1053
156
15
115
4152
255
457
459
45
16540
661
66
268
260
364
3695
7
2071
17
2176
278
37
237
3378
47
257
167
177
477
38766
876
82
284
288
289
2851
958
93
195
190
391
396
498
49
349
4999
